,0126-0384_Chilca_Peru_c_750_A2b1a,D_Mayapan1_450_Mayapan_Mexico_c_450,MCZ39564_Caylloma_Peru_NA,Nunura_23_HuacaGrande_Peru_d_882.5,Nunura_27_HuacaGrande_Peru_d_883,Nunura_5_HuacaAmarilla_Peru_d_882.5,Nunura_31_HuacaGrande_Peru_d_883,Nunura_28_HuacaGrande_Peru_d_883,Nunura_10_HuacaAmarilla_Peru_d_882.5,Nunura_22_HuacaAmarilla_Peru_c_825,Nunura_24_HuacaGrande_Peru_d_883,Nunura_25_HuacaGrande_Peru_d_883,Nunura_30_HuacaGrande_Peru_d_883,700_00_Chondorko_Ecuador_d_843,SC1061_Chondorko_Ecuador_c_833_A2b1a,Nunura_1_HuacaAmarilla_Peru_d_720,Nunura_26_HuacaGrande_Peru_d_883,Nunura_4_HuacaAmarilla_Peru_d_882,Nunura_12_HuacaAmarilla_Peru_c_825,Nunura_20_HuacaAmarilla_Peru_d_865,Nunura_2_HuacaAmarilla_Peru_d_720,Nunura_17_HuacaAmarilla_Peru_d_846.5,Nunura_18_HuacaAmarilla_Peru_d_846.5,Nunura_13_HuacaAmarilla_Peru_c_825,Nunura_16_HuacaAmarilla_Peru_c_825,Nunura_19_HuacaAmarilla_Peru_d_865,Nunura_29_HuacaGrande_Peru_d_883,0204-0531_Wichqana_Peru_c_2675,D_Argentina1_1000_CerroLutz_Argentina_c_1000_A2b1a,Individuo_1_Pucar_deTilcara_Argentina_d_425,SC1056_Tilcara_Argentina_c_950,PM4-N3_PlayaMiller-4_Chile_d_1008,Til_1_n8_Pucar_deTilcara_Argentina_d_750,Nunura_15_HuacaAmarilla_Peru_c_825,AM-VH-21_VistaHermosa_Mexico_c_600,Az-1931_TizayucaR5_Mexico_c_1100,Az-1273_TizayucaR5_Mexico_c_1100,Az-657_TizayucaR6_Mexico_d_1090_A2b1a,Az-1661_TizayucaR5_Mexico_c_600,Az-1935_TizayucaR5_Mexico_d_1090,Az-1929_TizayucaR5_Mexico_c_1100,Az-464_TizayucaR6_Mexico_c_1100,Az-1934_TizayucaR5_Mexico_d_1020_A2b1a,Az-314_TizayucaR6_Mexico_d_980_A2b1a,Az-1944_LasGolondrinas_Mexico_c_1525,Az-1936_TizayucaR5_Mexico_c_1100,Az-4985_MalpaisPrieto_Mexico_c_650,Az-1274_TizayucaR5_Mexico_c_1100,Az-1791_TizayucaR5_Mexico_d_546_A2b1a,Az-1947_LasGolondrinas_Mexico_c_1525,Az-749_LasGolondrinas_Mexico_d_1480,D_Mayapan1_1000_Mayapan_Mexico_c_1000_A2b1a,D_Mayapan2_1000_Mayapan_Mexico_c_1000_A2b1a,D_Mayapan3_1000_Mayapan_Mexico_c_1000_A2b1a,D_Mexico1_1000_Mayapan_Mexico_c_1000,Az-1930_LasGolondrinas_Mexico_d_476,Az-1932_ElChato_Mexico_c_1100,Az-316_TizayucaR6_Mexico_c_1100_A2b1a,Az-1923_TizayucaR5_Mexico_d_408,Az-1937_TizayucaR5_Mexico_c_1100,Nunura_14_HuacaAmarilla_Peru_c_825,Nunura_8_HuacaAmarilla_Peru_d_882,Nunura_6_HuacaAmarilla_Peru_d_882.5,D_AngelMound4_1000_AngelMounds_USA_c_1000_A2b,D_Mississippi1_675_Oliver_USA_c_365,Az-563_TizayucaR5_Mexico_c_1100_A2b1a,D_California1_2000_SantaRosa_USA_c_2000,D_California1_4000_ChannelIslands_USA_c_4000_A2b3,D_California2_4000_ChannelIslands_USA_c_4000_A2b1b,D_Colorado1_1200_McPhee_USA_c_1200,D_Colorado1_1100_GrassMesa_USA_c_1100_A2b1b,D_AngelMound1_1000_AngelMounds_USA_c_1000_A2b2,D_Illinois1_NA_AppleCreek_USA_c_2500_A2b2,D_Newfoundland1_4500_PortauChoix_Canada_d_4500_A2b2,D_Colorado1_800_YellowJacket_USA_c_800_A2b2,Mcz51780_JaguarCave_USA_NA,D_Weyanoke1_680_Hatch_USA_d_680,JR_135139_Jamestown_USA_c_409,JR_75943_Jamestown_USA_c_409,D_Illinois1_8500_Koster_USA_c_8500_A2b2,D_Koster1_9905_Koster_USA_d_9905_A2b2,D_Illinois1_1200_JaneyBGoode_USA_c_1200_A2b4,ANH38_Weyanoke_USA_c_960,D_Ohio1_700_Reinhardt_USA_d_725,JR_118236_Jamestown_USA_c_409,D_Alabama1_2250_CoxSite_USA_c_2250_A2b4,D_Alabama1_5000_FlintRiver_USA_c_5000,D_Ohio3_2200_Scioto_USA_c_2200_A2b4,D_AngelMound2_1000_AngelMounds_USA_c_1000_A2b4,D_AngelMound3_1000_AngelMounds_USA_c_1000_A2b4,D_JaneyBGoode1_1000_JaneyBGoode_USA_c_1000,D_JaneyBGoode2_1000_JaneyBGoode_USA_c_1000_A2b_,D_Ohio2_1900_HolderWrightFarm_USA_c_1900,D_Illinois3_1700_Snyders_USA_c_1700,D_JaneyBGoode3_1000_JaneyBGoode_USA_c_1200_A2b4,D_Ohio2_2200_Scioto_USA_c_2200_A2b4,D_Ohio6_2200_Scioto_USA_c_2200,D_Ohio4_2200_Scioto_USA_c_2200_A2b4,D_Ohio5_2200_Scioto_USA_c_2200_A2b4,JR_68100_Jamestown_USA_c_409,JR_73052_Jamestown_USA_c_409,D_LittleB1_5000_LittleBear_USA_c_5000_A2b4,D_Missouri1_8385_Modoc_USA_d_8385_A2b4,D_Illinois2_1700_Snyders_USA_c_1700,D_Alabama2_5000_LittleBear_USA_c_3000,D_Ohio1_2200_Scioto_USA_c_2200_A2b4,D_Alaska1_1230_Uyak_Alaska_c_1230,D_Alaska1_25_Cape_Dyer_Alaska_c_25_A2b5,D_Alaska1_400_CapeEspenberg_Alaska_c_400_A2b5,D_Alaska1_740_Ahteut_Alaska_c_740_A2b5,D_Alaska2_620_CapeEspenberg_Alaska_c_620_A2b5,D_PrinceRupert1_1500_PrinceRupert_Canada_c_1500_A2b5,D_BColumbia2_1500_PrinceRupert_Canada_c_1500_A2b5,D_Alaska1_1695_Uyak_Alaska_c_1695,D_Nunavut1_700_Talaguak_Nunavut_c_700,D_JaguarCave1_10370_JaguarCave_USA_d_10370,D_California1_NA_NorthHead_USA_c_5000,SG0892_L1_A1_ReedXI_USA_c_525,D_Nunavut1_1000_Tikilik_Nunavut_c_1000,D_California1_5000_NorthHead_USA_c_5000,D_California4_4000_CanadaVerde_USA_c_4000,D_JaguarCave1_1400_JaguarCave_USA_d_1400_A2b3,D_Alaska1_100_PointHope_Alaska_c_100,D_Alaska1_2200_Chugachik_Alaska_c_2200,D_Alaska1_3763_TeshekpukLake_Alaska_c_3763,D_Nunavut1_675_PealePoint_Nunavut_c_675,D_Labrador1_200_DoubleMerPoint_Labrador_c_200,MCZ44669_Hopedale_Canada_NA,D_Alaska2_1125_Walakpa_Alaska_c_1125_A2a1,D_Labrador1_150_Uivak_Point1_Labrador_c_150,D_Nunavut4_650_PordenPoint_Nunavut_c_650,D_Nunavut2_650_Tikilik_Nunavut_c_650_A1b1,MCZ7408_Hopedale_Canada_NA,D_Nunavut1_425_Silumiut_Nunavut_c_425,D_Nunavut1_350_Haa_Nunavut_c_350,ELOLIV-S-R27_El_Olivar_Chile_c_850,Obersten_Greenland_c_110_A1a,TRF_01_23_Deering_USA_c_400_A1b1,TRF_01_12_V52_Greenland_c_1000_A1a,D_Alaska1_1105_Deering_Alaska_c_1105_A1a1,D_Alaska1_212_CapeEspenberg_Alaska_c_212_A1b1,D_Alaska1_500_Nunalleq_USA_c_500,D_Alaska5_500_Nunalleq_USA_c_500,D_Alaska3_500_Nunalleq_USA_c_500_A1b1,D_Alaska2_500_Nunalleq_USA_c_500,D_Alaska1_620_CapeEspenberg_Alaska_c_620_A1b1,D_Nunavut3_650_Tikilik_Nunavut_c_650_A2a1,TRF_01_24_Deering_USA_c_422_A1a1,D_Alaska1_825_CapeEspenberg_Alaska_c_825
0126-0384_Chilca_Peru_c_750_A2b1a,0,0.0001511179,0.0002215195,0.0006803653,0.0022728484,0.0059138834,0.0003611126,0.0004915771,0.0008792068,0.0092964679,0.0004269691,0.0005586541,0.0003658577,0.0003032669,0.0003042669,0.0066314642,0.0019982009,0.0007542844,0.0069187624,0.0037248429,0.0010241242,0.00538693,0.0014720756,0.007138126,0.0058626561,0.0006919438,0.0006919438,0.0011411586,0.0010090895,0.0010106068,0.0010105743,0.0010730707,0.0046216277,0.0080156039,0.0032000891,0.0017209819,0.0017158466,0.001653134,0.0019103275,0.001974787,0.0116561935,0.006929484,0.0015908782,0.0015266399,0.0015231688,0.0127868281,0.0017794728,0.0011441619,0.0019125776,0.0101186942,0.0036903882,0.0014627302,0.0015913447,0.0016541153,0.0017850626,0.0012067249,0.0012705236,0.0029505495,0.0073704337,0.0037421228,0.0013976125,0.0013350371,0.0083338425,0.00184237,0.0020172472,0.0104853262,0.0017776466,0.0018403535,0.0019028052,0.0025359062,0.0016466733,0.002484652,0.0026848583,0.0022301186,0.0025522896,0.0035288858,0.0026133954,0.0026133954,0.002612498,0.0019798676,0.0018492341,0.0017798903,0.0053029299,0.0062478402,0.0029313455,0.0028697665,0.0034154425,0.0028058353,0.0028078821,0.0028078821,0.0028721781,0.002872283,0.0027467862,0.0036186638,0.0028058709,0.0026831106,0.0026831106,0.0026821182,0.0027415817,0.0027415817,0.0026129932,0.0026750029,0.0026750543,0.0032741515,0.0028671032,0.0026108089,0.0046816749,0.0026098636,0.004867001,0.0030838885,0.0025481015,0.0026744383,0.0028642638,0.0046550198,0.0048348326,0.0031683807,0.0027725369,0.0101736383,0.0035463072,0.0023542603,0.0023559665,0.0022358116,0.0029620874,0.0043957,0.0031232589,0.0031873239,0.0030585598,0.0047025308,0.0029928306,0.0078269521,0.003387294,0.0063922076,0.0035101645,0.0030157662,0.0044133123,0.0130287934,0.0031180563,0.0030541754,0.0034373924,0.0052588064,0.0036289218,0.0036347682,0.0041465998,0.0036337682,0.0044140343,0.0038443049,0.0035658333,0.0036268394,0.004338563
D_Mayapan1_450_Mayapan_Mexico_c_450,0.0001511179,0,7.63E-05,0.0008257908,0.0024182739,0.0060593089,0.0005065381,0.0006370026,0.0010246323,0.0094418934,0.0005723946,0.0007040796,0.0005112832,0.0004486924,0.0004496924,0.0067768897,0.0021436264,0.0008997099,0.0070641879,0.0038702684,0.0011695497,0.0055323555,0.0016175011,0.0072835515,0.0060080816,0.0008373693,0.0008373693,0.0012865841,0.001154515,0.0011560323,0.0011559998,0.0012184962,0.0047670532,0.0081610294,0.0033455146,0.0018664074,0.0018612721,0.0017985595,0.002055753,0.0021202125,0.011801619,0.0070749095,0.0017363037,0.0016720654,0.0016685943,0.0129322536,0.0019248983,0.0012895874,0.0020580031,0.0102641197,0.0038358137,0.0016081557,0.0017367702,0.0017995408,0.0019304881,0.0013521504,0.0014159491,0.003095975,0.0075158592,0.0038875483,0.001543038,0.0014804626,0.008479268,0.0019877955,0.0021626727,0.0106307517,0.0019230721,0.001985779,0.0020482307,0.0026813317,0.0017920988,0.0026300775,0.0028302838,0.0023755441,0.0026977151,0.0036743113,0.0027588209,0.0027588209,0.0027579235,0.0021252931,0.0019946596,0.0019253158,0.0054483554,0.0063932657,0.003076771,0.003015192,0.003560868,0.0029512608,0.0029533076,0.0029533076,0.0030176036,0.0030177085,0.0028922117,0.0037640893,0.0029512964,0.0028285361,0.0028285361,0.0028275437,0.0028870072,0.0028870072,0.0027584187,0.0028204284,0.0028204798,0.003419577,0.0030125287,0.0027562344,0.0048271004,0.0027552891,0.0050124265,0.003229314,0.002693527,0.0028198638,0.0030096893,0.0048004453,0.0049802581,0.0033138062,0.0029179624,0.0103190638,0.0036917327,0.0024996858,0.002501392,0.0023812371,0.0031075129,0.0045411255,0.0032686844,0.0033327494,0.0032039853,0.0048479563,0.0031382561,0.0079723776,0.0035327195,0.0065376331,0.00365559,0.0031611917,0.0045587378,0.0131742189,0.0032634818,0.0031996009,0.0035828179,0.0054042319,0.0037743473,0.0037801937,0.0042920253,0.0037791937,0.0045594598,0.0039897304,0.0037112588,0.0037722649,0.0044839885
MCZ39564_Caylloma_Peru_NA,0.0002215195,7.63E-05,0,0.0008961924,0.0024886755,0.0061297105,0.0005769397,0.0007074042,0.0010950339,0.009512295,0.0006427962,0.0007744812,0.0005816848,0.000519094,0.000520094,0.0068472913,0.002214028,0.0009701115,0.0071345895,0.00394067,0.0012399513,0.0056027571,0.0016879027,0.0073539531,0.0060784832,0.0009077709,0.0009077709,0.0013569857,0.0012249166,0.0012264339,0.0012264014,0.0012888978,0.0048374548,0.008231431,0.0034159162,0.001936809,0.0019316737,0.0018689611,0.0021261546,0.0021906141,0.0118720206,0.0071453111,0.0018067053,0.001742467,0.0017389959,0.0130026552,0.0019952999,0.001359989,0.0021284047,0.0103345213,0.0039062153,0.0016785573,0.0018071718,0.0018699424,0.0020008897,0.001422552,0.0014863507,0.0031663766,0.0075862608,0.0039579499,0.0016134396,0.0015508642,0.0085496696,0.0020581971,0.0022330743,0.0107011533,0.0019934737,0.0020561806,0.0021186323,0.0027517333,0.0018625004,0.0027004791,0.0029006854,0.0024459457,0.0027681167,0.0037447129,0.0028292225,0.0028292225,0.0028283251,0.0021956947,0.0020650612,0.0019957174,0.005518757,0.0064636673,0.0031471726,0.0030855936,0.0036312696,0.0030216624,0.0030237092,0.0030237092,0.0030880052,0.0030881101,0.0029626133,0.0038344909,0.003021698,0.0028989377,0.0028989377,0.0028979453,0.0029574088,0.0029574088,0.0028288203,0.00289083,0.0028908814,0.0034899786,0.0030829303,0.002826636,0.004897502,0.0028256907,0.0050828281,0.0032997156,0.0027639286,0.0028902654,0.0030800909,0.0048708469,0.0050506597,0.0033842078,0.002988364,0.0103894654,0.0037621343,0.0025700874,0.0025717936,0.0024516387,0.0031779145,0.0046115271,0.003339086,0.003403151,0.0032743869,0.0049183579,0.0032086577,0.0080427792,0.0036031211,0.0066080347,0.0037259916,0.0032315933,0.0046291394,0.0132446205,0.0033338834,0.0032700025,0.0036532195,0.0054746335,0.0038447489,0.0038505953,0.0043624269,0.0038495953,0.0046298614,0.004060132,0.0037816604,0.0038426665,0.0045543901
Nunura_23_HuacaGrande_Peru_d_882.5,0.0006803653,0.0008257908,0.0008961924,0,0.0023679147,0.0060089497,0.0004561789,0.0005866434,0.0009742731,0.0093915342,0.0005220354,0.0006537204,0.000460924,0.0003983332,0.0003993332,0.0067265305,0.0020932672,0.0008493507,0.0070138287,0.0038199092,0.0011191905,0.0054819963,0.0015671419,0.0072331923,0.0059577224,0.0007870101,0.0007870101,0.0012362249,0.0011041558,0.0011056731,0.0011056406,0.001168137,0.004716694,0.0081106702,0.0032951554,0.0018160482,0.0018109129,0.0017482003,0.0020053938,0.0020698533,0.0117512598,0.0070245503,0.0016859445,0.0016217062,0.0016182351,0.0128818944,0.0018745391,0.0012392282,0.0020076439,0.0102137605,0.0037854545,0.0015577965,0.001686411,0.0017491816,0.0018801289,0.0013017912,0.0013655899,0.0030456158,0.0074655,0.0038371891,0.0014926788,0.0014301034,0.0084289088,0.0019374363,0.0021123135,0.0105803925,0.0018727129,0.0019354198,0.0019978715,0.0026309725,0.0017417396,0.0025797183,0.0027799246,0.0023251849,0.0026473559,0.0036239521,0.0027084617,0.0027084617,0.0027075643,0.0020749339,0.0019443004,0.0018749566,0.0053979962,0.0063429065,0.0030264118,0.0029648328,0.0035105088,0.0029009016,0.0029029484,0.0029029484,0.0029672444,0.0029673493,0.0028418525,0.0037137301,0.0029009372,0.0027781769,0.0027781769,0.0027771845,0.002836648,0.002836648,0.0027080595,0.0027700692,0.0027701206,0.0033692178,0.0029621695,0.0027058752,0.0047767412,0.0027049299,0.0049620673,0.0031789548,0.0026431678,0.0027695046,0.0029593301,0.0047500861,0.0049298989,0.003263447,0.0028676032,0.0102687046,0.0036413735,0.0024493266,0.0024510328,0.0023308779,0.0030571537,0.0044907663,0.0032183252,0.0032823902,0.0031536261,0.0047975971,0.0030878969,0.0079220184,0.0034823603,0.0064872739,0.0036052308,0.0031108325,0.0045083786,0.0131238597,0.0032131226,0.0031492417,0.0035324587,0.0053538727,0.0037239881,0.0037298345,0.0042416661,0.0037288345,0.0045091006,0.0039393712,0.0036608996,0.0037219057,0.0044336293
Nunura_27_HuacaGrande_Peru_d_883,0.0022728484,0.0024182739,0.0024886755,0.0023679147,0,0.007126807,0.0020442392,0.0021747037,0.0025623334,0.0109795945,0.0021100957,0.0022417807,0.0020489843,0.0019863935,0.0019873935,0.0083145908,0.0036813275,0.002437411,0.008601889,0.0054079695,0.0027072508,0.0070700566,0.0031552022,0.0088212526,0.0075457827,0.0023750704,0.0023750704,0.0028242852,0.0026922161,0.0026937334,0.0026937009,0.0027561973,0.0063047543,0.0096987305,0.0048832157,0.0034041085,0.0033989732,0.0033362606,0.0035934541,0.0036579136,0.0133393201,0.0086126106,0.0032740048,0.0032097665,0.0032062954,0.0144699547,0.0034625994,0.0028272885,0.0035957042,0.0118018208,0.0053735148,0.0031458568,0.0032744713,0.0033372419,0.0034681892,0.0028898515,0.0029536502,0.0046336761,0.0090535603,0.0054252494,0.0030807391,0.0030181637,0.0100169691,0.0035254966,0.0037003738,0.0121684528,0.0034607732,0.0035234801,0.0035859318,0.0042190328,0.0033297999,0.0041677786,0.0043679849,0.0039132452,0.0042354162,0.0052120124,0.004296522,0.004296522,0.0042956246,0.0036629942,0.0035323607,0.0034630169,0.0069860565,0.0079309668,0.0046144721,0.0045528931,0.0050985691,0.0044889619,0.0044910087,0.0044910087,0.0045553047,0.0045554096,0.0044299128,0.0053017904,0.0044889975,0.0043662372,0.0043662372,0.0043652448,0.0044247083,0.0044247083,0.0042961198,0.0043581295,0.0043581809,0.0049572781,0.0045502298,0.0042939355,0.0063648015,0.0042929902,0.0065501276,0.0047670151,0.0042312281,0.0043575649,0.0045473904,0.0063381464,0.0065179592,0.0048515073,0.0044556635,0.0118567649,0.0052294338,0.0040373869,0.0040390931,0.0039189382,0.004645214,0.0060788266,0.0048063855,0.0048704505,0.0047416864,0.0063856574,0.0046759572,0.0095100787,0.0050704206,0.0080753342,0.0051932911,0.0046988928,0.0060964389,0.01471192,0.0048011829,0.004737302,0.005120519,0.006941933,0.0053120484,0.0053178948,0.0058297264,0.0053168948,0.0060971609,0.0055274315,0.0052489599,0.005309966,0.0060216896
Nunura_5_HuacaAmarilla_Peru_d_882.5,0.0059138834,0.0060593089,0.0061297105,0.0060089497,0.007126807,0,0.0056852742,0.0058157387,0.0062033684,0.0146206295,0.0057511307,0.0058828157,0.0056900193,0.0056274285,0.0056284285,0.0119556258,0.0073223625,0.006078446,0.012242924,0.0090490045,0.0063482858,0.0107110916,0.0067962372,0.0124622876,0.0111868177,0.0060161054,0.0060161054,0.0064653202,0.0063332511,0.0063347684,0.0063347359,0.0063972323,0.0099457893,0.0133397655,0.0085242507,0.0070451435,0.0070400082,0.0069772956,0.0072344891,0.0072989486,0.0169803551,0.0122536456,0.0069150398,0.0068508015,0.0068473304,0.0181109897,0.0071036344,0.0064683235,0.0072367392,0.0154428558,0.0090145498,0.0067868918,0.0069155063,0.0069782769,0.0071092242,0.0065308865,0.0065946852,0.0082747111,0.0126945953,0.0090662844,0.0067217741,0.0066591987,0.0136580041,0.0071665316,0.0073414088,0.0158094878,0.0071018082,0.0071645151,0.0072269668,0.0078600678,0.0069708349,0.0078088136,0.0080090199,0.0075542802,0.0078764512,0.0088530474,0.007937557,0.007937557,0.0079366596,0.0073040292,0.0071733957,0.0071040519,0.0106270915,0.0115720018,0.0082555071,0.0081939281,0.0087396041,0.0081299969,0.0081320437,0.0081320437,0.0081963397,0.0081964446,0.0080709478,0.0089428254,0.0081300325,0.0080072722,0.0080072722,0.0080062798,0.0080657433,0.0080657433,0.0079371548,0.0079991645,0.0079992159,0.0085983131,0.0081912648,0.0079349705,0.0100058365,0.0079340252,0.0101911626,0.0084080501,0.0078722631,0.0079985999,0.0081884254,0.0099791814,0.0101589942,0.0084925423,0.0080966985,0.0154977999,0.0088704688,0.0076784219,0.0076801281,0.0075599732,0.008286249,0.0097198616,0.0084474205,0.0085114855,0.0083827214,0.0100266924,0.0083169922,0.0131511137,0.0087114556,0.0117163692,0.0088343261,0.0083399278,0.0097374739,0.018352955,0.0084422179,0.008378337,0.008761554,0.010582968,0.0089530834,0.0089589298,0.0094707614,0.0089579298,0.0097381959,0.0091684665,0.0088899949,0.008951001,0.0096627246
Nunura_31_HuacaGrande_Peru_d_883,0.0003611126,0.0005065381,0.0005769397,0.0004561789,0.0020442392,0.0056852742,0,0.0002587265,0.0006463562,0.0090636173,0.0001941185,0.0003258035,0.0001330071,7.04E-05,7.14E-05,0.0063986136,0.0017653503,0.0005214338,0.0066859118,0.0034919923,0.0007912736,0.0051540794,0.001239225,0.0069052754,0.0056298055,0.0004590932,0.0004590932,0.000908308,0.0007762389,0.0007777562,0.0007777237,0.0008402201,0.0043887771,0.0077827533,0.0029672385,0.0014881313,0.001482996,0.0014202834,0.0016774769,0.0017419364,0.0114233429,0.0066966334,0.0013580276,0.0012937893,0.0012903182,0.0125539775,0.0015466222,0.0009113113,0.001679727,0.0098858436,0.0034575376,0.0012298796,0.0013584941,0.0014212647,0.001552212,0.0009738743,0.001037673,0.0027176989,0.0071375831,0.0035092722,0.0011647619,0.0011021865,0.0081009919,0.0016095194,0.0017843966,0.0102524756,0.001544796,0.0016075029,0.0016699546,0.0023030556,0.0014138227,0.0022518014,0.0024520077,0.001997268,0.002319439,0.0032960352,0.0023805448,0.0023805448,0.0023796474,0.001747017,0.0016163835,0.0015470397,0.0050700793,0.0060149896,0.0026984949,0.0026369159,0.0031825919,0.0025729847,0.0025750315,0.0025750315,0.0026393275,0.0026394324,0.0025139356,0.0033858132,0.0025730203,0.00245026,0.00245026,0.0024492676,0.0025087311,0.0025087311,0.0023801426,0.0024421523,0.0024422037,0.0030413009,0.0026342526,0.0023779583,0.0044488243,0.002377013,0.0046341504,0.0028510379,0.0023152509,0.0024415877,0.0026314132,0.0044221692,0.004601982,0.0029355301,0.0025396863,0.0099407877,0.0033134566,0.0021214097,0.0021231159,0.002002961,0.0027292368,0.0041628494,0.0028904083,0.0029544733,0.0028257092,0.0044696802,0.00275998,0.0075941015,0.0031544434,0.006159357,0.0032773139,0.0027829156,0.0041804617,0.0127959428,0.0028852057,0.0028213248,0.0032045418,0.0050259558,0.0033960712,0.0034019176,0.0039137492,0.0034009176,0.0041811837,0.0036114543,0.0033329827,0.0033939888,0.0041057124
Nunura_28_HuacaGrande_Peru_d_883,0.0004915771,0.0006370026,0.0007074042,0.0005866434,0.0021747037,0.0058157387,0.0002587265,0,0.0007722501,0.0091895112,0.0003200124,0.0004516974,0.000258901,0.0001963102,0.0001973102,0.0065245075,0.0018912442,0.0006473277,0.0068118057,0.0036178862,0.0009171675,0.0052799733,0.0013651189,0.0070311693,0.0057556994,0.0005849871,0.0005849871,0.0010342019,0.0009021328,0.0009036501,0.0009036176,0.000966114,0.004514671,0.0079086472,0.0030931324,0.0016140252,0.0016088899,0.0015461773,0.0018033708,0.0018678303,0.0115492368,0.0068225273,0.0014839215,0.0014196832,0.0014162121,0.0126798714,0.0016725161,0.0010372052,0.0018056209,0.0100117375,0.0035834315,0.0013557735,0.001484388,0.0015471586,0.0016781059,0.0010997682,0.0011635669,0.0028435928,0.007263477,0.0036351661,0.0012906558,0.0012280804,0.0082268858,0.0017354133,0.0019102905,0.0103783695,0.0016706899,0.0017333968,0.0017958485,0.0024289495,0.0015397166,0.0023776953,0.0025779016,0.0021231619,0.0024453329,0.0034219291,0.0025064387,0.0025064387,0.0025055413,0.0018729109,0.0017422774,0.0016729336,0.0051959732,0.0061408835,0.0028243888,0.0027628098,0.0033084858,0.0026988786,0.0027009254,0.0027009254,0.0027652214,0.0027653263,0.0026398295,0.0035117071,0.0026989142,0.0025761539,0.0025761539,0.0025751615,0.002634625,0.002634625,0.0025060365,0.0025680462,0.0025680976,0.0031671948,0.0027601465,0.0025038522,0.0045747182,0.0025029069,0.0047600443,0.0029769318,0.0024411448,0.0025674816,0.0027573071,0.0045480631,0.0047278759,0.003061424,0.0026655802,0.0100666816,0.0034393505,0.0022473036,0.0022490098,0.0021288549,0.0028551307,0.0042887433,0.0030163022,0.0030803672,0.0029516031,0.0045955741,0.0028858739,0.0077199954,0.0032803373,0.0062852509,0.0034032078,0.0029088095,0.0043063556,0.0129218367,0.0030110996,0.0029472187,0.0033304357,0.0051518497,0.0035219651,0.0035278115,0.0040396431,0.0035268115,0.0043070776,0.0037373482,0.0034588766,0.0035198827,0.0042316063
Nunura_10_HuacaAmarilla_Peru_d_882.5,0.0008792068,0.0010246323,0.0010950339,0.0009742731,0.0025623334,0.0062033684,0.0006463562,0.0007722501,0,0.0089369623,0.0005776239,0.0008373271,0.0006445307,0.0005819399,0.0005829399,0.0069101372,0.0022768739,0.0010329574,0.0071974354,0.0040035159,0.0013027972,0.005665603,0.0017507486,0.007416799,0.0061413291,0.0009706168,0.0009706168,0.0014198316,0.0012877625,0.0012892798,0.0012892473,0.0013517437,0.0049003007,0.0082942769,0.0034787621,0.0019996549,0.0019945196,0.001931807,0.0021890005,0.00225346,0.0119348665,0.007208157,0.0018695512,0.0018053129,0.0018018418,0.0130655011,0.0020581458,0.0014228349,0.0021912506,0.0103973672,0.0039690612,0.0017414032,0.0018700177,0.0019327883,0.0020637356,0.0014853979,0.0015491966,0.0032292225,0.0076491067,0.0040207958,0.0016762855,0.0016137101,0.0086125155,0.002121043,0.0022959202,0.0107639992,0.0020563196,0.0021190265,0.0021814782,0.0028145792,0.0019253463,0.002763325,0.0029635313,0.0025087916,0.0028309626,0.0038075588,0.0028920684,0.0028920684,0.002891171,0.0022585406,0.0021279071,0.0020585633,0.0055816029,0.0065265132,0.0032100185,0.0031484395,0.0036941155,0.0030845083,0.0030865551,0.0030865551,0.0031508511,0.003150956,0.0030254592,0.0038973368,0.0030845439,0.0029617836,0.0029617836,0.0029607912,0.0030202547,0.0030202547,0.0028916662,0.0029536759,0.0029537273,0.0035528245,0.0031457762,0.0028894819,0.0049603479,0.0028885366,0.005145674,0.0033625615,0.0028267745,0.0029531113,0.0031429368,0.0049336928,0.0051135056,0.0034470537,0.0030512099,0.0104523113,0.0038249802,0.0026329333,0.0026346395,0.0025144846,0.0032407604,0.004674373,0.0034019319,0.0034659969,0.0033372328,0.0049812038,0.0032715036,0.0081056251,0.003665967,0.0066708806,0.0037888375,0.0032944392,0.0046919853,0.0133074664,0.0033967293,0.0033328484,0.0037160654,0.0055374794,0.0039075948,0.0039134412,0.0044252728,0.0039124412,0.0046927073,0.0041229779,0.0038445063,0.0039055124,0.004617236
Nunura_22_HuacaAmarilla_Peru_c_825,0.0092964679,0.0094418934,0.009512295,0.0093915342,0.0109795945,0.0146206295,0.0090636173,0.0091895112,0.0089369623,0,0.008994885,0.0092545882,0.0090617918,0.008999201,0.009000201,0.0153273983,0.010694135,0.0094502185,0.0156146965,0.012420777,0.0097200583,0.0140828641,0.0101680097,0.0158340601,0.0145585902,0.0093878779,0.0093878779,0.0098370927,0.0097050236,0.0097065409,0.0097065084,0.0097690048,0.0133175618,0.016711538,0.0118960232,0.010416916,0.0104117807,0.0103490681,0.0106062616,0.0106707211,0.0203521276,0.0156254181,0.0102868123,0.010222574,0.0102191029,0.0214827622,0.0104754069,0.009840096,0.0106085117,0.0188146283,0.0123863223,0.0101586643,0.0102872788,0.0103500494,0.0104809967,0.009902659,0.0099664577,0.0116464836,0.0160663678,0.0124380569,0.0100935466,0.0100309712,0.0170297766,0.0105383041,0.0107131813,0.0191812603,0.0104735807,0.0105362876,0.0105987393,0.0112318403,0.0103426074,0.0111805861,0.0113807924,0.0109260527,0.0112482237,0.0122248199,0.0113093295,0.0113093295,0.0113084321,0.0106758017,0.0105451682,0.0104758244,0.013998864,0.0149437743,0.0116272796,0.0115657006,0.0121113766,0.0115017694,0.0115038162,0.0115038162,0.0115681122,0.0115682171,0.0114427203,0.0123145979,0.011501805,0.0113790447,0.0113790447,0.0113780523,0.0114375158,0.0114375158,0.0113089273,0.011370937,0.0113709884,0.0119700856,0.0115630373,0.011306743,0.013377609,0.0113057977,0.0135629351,0.0117798226,0.0112440356,0.0113703724,0.0115601979,0.0133509539,0.0135307667,0.0118643148,0.011468471,0.0188695724,0.0122422413,0.0110501944,0.0110519006,0.0109317457,0.0116580215,0.0130916341,0.011819193,0.011883258,0.0117544939,0.0133984649,0.0116887647,0.0165228862,0.0120832281,0.0150881417,0.0122060986,0.0117117003,0.0131092464,0.0217247275,0.0118139904,0.0117501095,0.0121333265,0.0139547405,0.0123248559,0.0123307023,0.0128425339,0.0123297023,0.0131099684,0.012540239,0.0122617674,0.0123227735,0.0130344971
Nunura_24_HuacaGrande_Peru_d_883,0.0004269691,0.0005723946,0.0006427962,0.0005220354,0.0021100957,0.0057511307,0.0001941185,0.0003200124,0.0005776239,0.008994885,0,0.0003850894,0.000192293,0.0001297022,0.0001307022,0.0064578995,0.0018246362,0.0005807197,0.0067451977,0.0035512782,0.0008505595,0.0052133653,0.0012985109,0.0069645613,0.0056890914,0.0005183791,0.0005183791,0.0009675939,0.0008355248,0.0008370421,0.0008370096,0.000899506,0.004448063,0.0078420392,0.0030265244,0.0015474172,0.0015422819,0.0014795693,0.0017367628,0.0018012223,0.0114826288,0.0067559193,0.0014173135,0.0013530752,0.0013496041,0.0126132634,0.0016059081,0.0009705972,0.0017390129,0.0099451295,0.0035168235,0.0012891655,0.00141778,0.0014805506,0.0016114979,0.0010331602,0.0010969589,0.0027769848,0.007196869,0.0035685581,0.0012240478,0.0011614724,0.0081602778,0.0016688053,0.0018436825,0.0103117615,0.0016040819,0.0016667888,0.0017292405,0.0023623415,0.0014731086,0.0023110873,0.0025112936,0.0020565539,0.0023787249,0.0033553211,0.0024398307,0.0024398307,0.0024389333,0.0018063029,0.0016756694,0.0016063256,0.0051293652,0.0060742755,0.0027577808,0.0026962018,0.0032418778,0.0026322706,0.0026343174,0.0026343174,0.0026986134,0.0026987183,0.0025732215,0.0034450991,0.0026323062,0.0025095459,0.0025095459,0.0025085535,0.002568017,0.002568017,0.0024394285,0.0025014382,0.0025014896,0.0031005868,0.0026935385,0.0024372442,0.0045081102,0.0024362989,0.0046934363,0.0029103238,0.0023745368,0.0025008736,0.0026906991,0.0044814551,0.0046612679,0.002994816,0.0025989722,0.0100000736,0.0033727425,0.0021806956,0.0021824018,0.0020622469,0.0027885227,0.0042221353,0.0029496942,0.0030137592,0.0028849951,0.0045289661,0.0028192659,0.0076533874,0.0032137293,0.0062186429,0.0033365998,0.0028422015,0.0042397476,0.0128552287,0.0029444916,0.0028806107,0.0032638277,0.0050852417,0.0034553571,0.0034612035,0.0039730351,0.0034602035,0.0042404696,0.0036707402,0.0033922686,0.0034532747,0.0041649983
Nunura_25_HuacaGrande_Peru_d_883,0.0005586541,0.0007040796,0.0007744812,0.0006537204,0.0022417807,0.0058828157,0.0003258035,0.0004516974,0.0008373271,0.0092545882,0.0003850894,0,0.000319978,0.0002593872,0.0002603872,0.0065875845,0.0019543212,0.0007104047,0.0068748827,0.0036809632,0.0009802445,0.0053430503,0.0014281959,0.0070942463,0.0058187764,0.0006480641,0.0006480641,0.0010972789,0.0009652098,0.0009667271,0.0009666946,0.001029191,0.004577748,0.0079717242,0.0031562094,0.0016771022,0.0016719669,0.0016092543,0.0018664478,0.0019309073,0.0116123138,0.0068856043,0.0015469985,0.0014827602,0.0014792891,0.0127429484,0.0017355931,0.0011002822,0.0018686979,0.0100748145,0.0036465085,0.0014188505,0.001547465,0.0016102356,0.0017411829,0.0011628452,0.0012266439,0.0029066698,0.007326554,0.0036982431,0.0013537328,0.0012911574,0.0082899628,0.0017984903,0.0019733675,0.0104414465,0.0017337669,0.0017964738,0.0018589255,0.0024920265,0.0016027936,0.0024407723,0.0026409786,0.0021862389,0.0025084099,0.0034850061,0.0025695157,0.0025695157,0.0025686183,0.0019359879,0.0018053544,0.0017360106,0.0052590502,0.0062039605,0.0028874658,0.0028258868,0.0033715628,0.0027619556,0.0027640024,0.0027640024,0.0028282984,0.0028284033,0.0027029065,0.0035747841,0.0027619912,0.0026392309,0.0026392309,0.0026382385,0.002697702,0.002697702,0.0025691135,0.0026311232,0.0026311746,0.0032302718,0.0028232235,0.0025669292,0.0046377952,0.0025659839,0.0048231213,0.0030400088,0.0025042218,0.0026305586,0.0028203841,0.0046111401,0.0047909529,0.003124501,0.0027286572,0.0101297586,0.0035024275,0.0023103806,0.0023120868,0.0021919319,0.0029182077,0.0043518203,0.0030793792,0.0031434442,0.0030146801,0.0046586511,0.0029489509,0.0077830724,0.0033434143,0.0063483279,0.0034662848,0.0029718865,0.0043694326,0.0129849137,0.0030741766,0.0030102957,0.0033935127,0.0052149267,0.0035850421,0.0035908885,0.0041027201,0.0035898885,0.0043701546,0.0038004252,0.0035219536,0.0035829597,0.0042946833
Nunura_30_HuacaGrande_Peru_d_883,0.0003658577,0.0005112832,0.0005816848,0.000460924,0.0020489843,0.0056900193,0.0001330071,0.000258901,0.0006445307,0.0090617918,0.000192293,0.000319978,0,6.66E-05,6.76E-05,0.0063947881,0.0017615248,0.0005176083,0.0066820863,0.0034881668,0.0007874481,0.0051502539,0.0012353995,0.0069014499,0.00562598,0.0004552677,0.0004552677,0.0009044825,0.0007724134,0.0007739307,0.0007738982,0.0008363946,0.0043849516,0.0077789278,0.002963413,0.0014843058,0.0014791705,0.0014164579,0.0016736514,0.0017381109,0.0114195174,0.0066928079,0.0013542021,0.0012899638,0.0012864927,0.012550152,0.0015427967,0.0009074858,0.0016759015,0.0098820181,0.0034537121,0.0012260541,0.0013546686,0.0014174392,0.0015483865,0.0009700488,0.0010338475,0.0027138734,0.0071337576,0.0035054467,0.0011609364,0.001098361,0.0080971664,0.0016056939,0.0017805711,0.0102486501,0.0015409705,0.0016036774,0.0016661291,0.0022992301,0.0014099972,0.0022479759,0.0024481822,0.0019934425,0.0023156135,0.0032922097,0.0023767193,0.0023767193,0.0023758219,0.0017431915,0.001612558,0.0015432142,0.0050662538,0.0060111641,0.0026946694,0.0026330904,0.0031787664,0.0025691592,0.002571206,0.002571206,0.002635502,0.0026356069,0.0025101101,0.0033819877,0.0025691948,0.0024464345,0.0024464345,0.0024454421,0.0025049056,0.0025049056,0.0023763171,0.0024383268,0.0024383782,0.0030374754,0.0026304271,0.0023741328,0.0044449988,0.0023731875,0.0046303249,0.0028472124,0.0023114254,0.0024377622,0.0026275877,0.0044183437,0.0045981565,0.0029317046,0.0025358608,0.0099369622,0.0033096311,0.0021175842,0.0021192904,0.0019991355,0.0027254113,0.0041590239,0.0028865828,0.0029506478,0.0028218837,0.0044658547,0.0027561545,0.007590276,0.0031506179,0.0061555315,0.0032734884,0.0027790901,0.0041766362,0.0127921173,0.0028813802,0.0028174993,0.0032007163,0.0050221303,0.0033922457,0.0033980921,0.0039099237,0.0033970921,0.0041773582,0.0036076288,0.0033291572,0.0033901633,0.0041018869
700_00_Chondorko_Ecuador_d_843,0.0003032669,0.0004486924,0.000519094,0.0003983332,0.0019863935,0.0056274285,7.04E-05,0.0001963102,0.0005819399,0.008999201,0.0001297022,0.0002593872,6.66E-05,0,3.00E-06,0.0063301973,0.001696934,0.0004530175,0.0066174955,0.003423576,0.0007228573,0.0050856631,0.0011708087,0.0068368591,0.0055613892,0.0003906769,0.0003906769,0.0008398917,0.0007078226,0.0007093399,0.0007093074,0.0007718038,0.0043203608,0.007714337,0.0028988222,0.001419715,0.0014145797,0.0013518671,0.0016090606,0.0016735201,0.0113549266,0.0066282171,0.0012896113,0.001225373,0.0012219019,0.0124855612,0.0014782059,0.000842895,0.0016113107,0.0098174273,0.0033891213,0.0011614633,0.0012900778,0.0013528484,0.0014837957,0.000905458,0.0009692567,0.0026492826,0.0070691668,0.0034408559,0.0010963456,0.0010337702,0.0080325756,0.0015411031,0.0017159803,0.0101840593,0.0014763797,0.0015390866,0.0016015383,0.0022346393,0.0013454064,0.0021833851,0.0023835914,0.0019288517,0.0022510227,0.0032276189,0.0023121285,0.0023121285,0.0023112311,0.0016786007,0.0015479672,0.0014786234,0.005001663,0.0059465733,0.0026300786,0.0025684996,0.0031141756,0.0025045684,0.0025066152,0.0025066152,0.0025709112,0.0025710161,0.0024455193,0.0033173969,0.002504604,0.0023818437,0.0023818437,0.0023808513,0.0024403148,0.0024403148,0.0023117263,0.002373736,0.0023737874,0.0029728846,0.0025658363,0.002309542,0.004380408,0.0023085967,0.0045657341,0.0027826216,0.0022468346,0.0023731714,0.0025629969,0.0043537529,0.0045335657,0.0028671138,0.00247127,0.0098723714,0.0032450403,0.0020529934,0.0020546996,0.0019345447,0.0026608205,0.0040944331,0.002821992,0.002886057,0.0027572929,0.0044012639,0.0026915637,0.0075256852,0.0030860271,0.0060909407,0.0032088976,0.0027144993,0.0041120454,0.0127275265,0.0028167894,0.0027529085,0.0031361255,0.0049575395,0.0033276549,0.0033335013,0.0038453329,0.0033325013,0.0041127674,0.003543038,0.0032645664,0.0033255725,0.0040372961
SC1061_Chondorko_Ecuador_c_833_A2b1a,0.0003042669,0.0004496924,0.000520094,0.0003993332,0.0019873935,0.0056284285,7.14E-05,0.0001973102,0.0005829399,0.009000201,0.0001307022,0.0002603872,6.76E-05,3.00E-06,0,0.0063291973,0.001695934,0.0004520175,0.0066164955,0.003422576,0.0007218573,0.0050846631,0.0011698087,0.0068358591,0.0055603892,0.0003896769,0.0003896769,0.0008388917,0.0007068226,0.0007083399,0.0007083074,0.0007708038,0.0043193608,0.007713337,0.0028978222,0.001418715,0.0014135797,0.0013508671,0.0016080606,0.0016725201,0.0113539266,0.0066272171,0.0012886113,0.001224373,0.0012209019,0.0124845612,0.0014772059,0.000841895,0.0016103107,0.0098164273,0.0033881213,0.0011604633,0.0012890778,0.0013518484,0.0014827957,0.000904458,0.0009682567,0.0026482826,0.0070681668,0.0034398559,0.0010953456,0.0010327702,0.0080315756,0.0015401031,0.0017149803,0.0101830593,0.0014753797,0.0015380866,0.0016005383,0.0022336393,0.0013444064,0.0021823851,0.0023825914,0.0019278517,0.0022500227,0.0032266189,0.0023111285,0.0023111285,0.0023102311,0.0016776007,0.0015469672,0.0014776234,0.005000663,0.0059455733,0.0026290786,0.0025674996,0.0031131756,0.0025035684,0.0025056152,0.0025056152,0.0025699112,0.0025700161,0.0024445193,0.0033163969,0.002503604,0.0023808437,0.0023808437,0.0023798513,0.0024393148,0.0024393148,0.0023107263,0.002372736,0.0023727874,0.0029718846,0.0025648363,0.002308542,0.004379408,0.0023075967,0.0045647341,0.0027816216,0.0022458346,0.0023721714,0.0025619969,0.0043527529,0.0045325657,0.0028661138,0.00247027,0.0098713714,0.0032440403,0.0020519934,0.0020536996,0.0019335447,0.0026598205,0.0040934331,0.002820992,0.002885057,0.0027562929,0.0044002639,0.0026905637,0.0075246852,0.0030850271,0.0060899407,0.0032078976,0.0027134993,0.0041110454,0.0127265265,0.0028157894,0.0027519085,0.0031351255,0.0049565395,0.0033266549,0.0033325013,0.0038443329,0.0033315013,0.0041117674,0.003542038,0.0032635664,0.0033245725,0.0040362961
Nunura_1_HuacaAmarilla_Peru_d_720,0.0066314642,0.0067768897,0.0068472913,0.0067265305,0.0083145908,0.0119556258,0.0063986136,0.0065245075,0.0069101372,0.0153273983,0.0064578995,0.0065875845,0.0063947881,0.0063301973,0.0063291973,0,0.0072472251,0.006009109,0.0123026036,0.0091086841,0.0064079654,0.0107707712,0.0068559168,0.0127751438,0.0114996739,0.0063289616,0.0063289616,0.006782477,0.0066504079,0.0066519252,0.0066518927,0.0067143891,0.0102629461,0.0136569223,0.0088414075,0.0073623003,0.007357165,0.0072944524,0.0075516459,0.0076161054,0.0172975119,0.0125708024,0.0072321966,0.0071679583,0.0071644872,0.0184281465,0.0074207912,0.0067854803,0.007553896,0.0157600126,0.0093317066,0.0071040486,0.0072326631,0.0072954337,0.007426381,0.0068480433,0.006911842,0.0085918679,0.0130117521,0.0093834412,0.0070389309,0.0069763555,0.0139751609,0.0074836884,0.0076585656,0.0161266446,0.007418965,0.0074816719,0.0075441236,0.0081772246,0.0072879917,0.0081259704,0.0083261767,0.007871437,0.008193608,0.0091702042,0.0082547138,0.0082547138,0.0082538164,0.007621186,0.0074905525,0.0074212087,0.0109442483,0.0118891586,0.0085726639,0.0085110849,0.0090567609,0.0084471537,0.0084492005,0.0084492005,0.0085134965,0.0085136014,0.0083881046,0.0092599822,0.0084471893,0.008324429,0.008324429,0.0083234366,0.0083829001,0.0083829001,0.0082543116,0.0083163213,0.0083163727,0.0089154699,0.0085084216,0.0082521273,0.0103229933,0.008251182,0.0105083194,0.0087252069,0.0081894199,0.0083157567,0.0085055822,0.0102963382,0.010476151,0.0088096991,0.0084138553,0.0158149567,0.0091876256,0.0079955787,0.0079972849,0.00787713,0.0086034058,0.0100370184,0.0087645773,0.0088286423,0.0086998782,0.0103438492,0.008634149,0.0134682705,0.0090286124,0.012033526,0.0091514829,0.0086570846,0.0100546307,0.0186701118,0.0087593747,0.0086954938,0.0090787108,0.0109001248,0.0092702402,0.0092760866,0.0097879182,0.0092750866,0.0100553527,0.0094856233,0.0092071517,0.0092681578,0.0099798814
Nunura_26_HuacaGrande_Peru_d_883,0.0019982009,0.0021436264,0.002214028,0.0020932672,0.0036813275,0.0073223625,0.0017653503,0.0018912442,0.0022768739,0.010694135,0.0018246362,0.0019543212,0.0017615248,0.001696934,0.001695934,0.0072472251,0,0.0013758457,0.0076693403,0.0044754208,0.0017747021,0.0061375079,0.0022226535,0.0081418805,0.0068664106,0.0016956983,0.0016956983,0.0021492137,0.0020171446,0.0020186619,0.0020186294,0.0020811258,0.0056296828,0.009023659,0.0042081442,0.002729037,0.0027239017,0.0026611891,0.0029183826,0.0029828421,0.0126642486,0.0079375391,0.0025989333,0.002534695,0.0025312239,0.0137948832,0.0027875279,0.002152217,0.0029206327,0.0111267493,0.0046984433,0.0024707853,0.0025993998,0.0026621704,0.0027931177,0.00221478,0.0022785787,0.0039586046,0.0083784888,0.0047501779,0.0024056676,0.0023430922,0.0093418976,0.0028504251,0.0030253023,0.0114933813,0.0027857017,0.0028484086,0.0029108603,0.0035439613,0.0026547284,0.0034927071,0.0036929134,0.0032381737,0.0035603447,0.0045369409,0.0036214505,0.0036214505,0.0036205531,0.0029879227,0.0028572892,0.0027879454,0.006310985,0.0072558953,0.0039394006,0.0038778216,0.0044234976,0.0038138904,0.0038159372,0.0038159372,0.0038802332,0.0038803381,0.0037548413,0.0046267189,0.003813926,0.0036911657,0.0036911657,0.0036901733,0.0037496368,0.0037496368,0.0036210483,0.003683058,0.0036831094,0.0042822066,0.0038751583,0.003618864,0.00568973,0.0036179187,0.0058750561,0.0040919436,0.0035561566,0.0036824934,0.0038723189,0.0056630749,0.0058428877,0.0041764358,0.003780592,0.0111816934,0.0045543623,0.0033623154,0.0033640216,0.0032438667,0.0039701425,0.0054037551,0.004131314,0.004195379,0.0040666149,0.0057105859,0.0040008857,0.0088350072,0.0043953491,0.0074002627,0.0045182196,0.0040238213,0.0054213674,0.0140368485,0.0041261114,0.0040622305,0.0044454475,0.0062668615,0.0046369769,0.0046428233,0.0051546549,0.0046418233,0.0054220894,0.00485236,0.0045738884,0.0046348945,0.0053466181
